A:4;8;34.0;12.345;3629.0;0.9;23.0;93.0;11.0;8.0;2.982;1.0;22.45;19.1;0.992;0.0;1.0;7.0;3.0;2.0;17.349;46.1;8.0;12.0;123.8;23.0;99.0;1.1;0.0;0.0;34.9;222.123;78.0;3.0;
TEST:2;1;0.0;0.0;
V:3;3;3.0;2.0;1.0;1.0;45.0;2.0;1.0;1.0;3.0;
MULYT:3;3;6.0;4.0;2.0;2.0;90.0;4.0;2.0;2.0;6.0;
YEAH:3;3;12.0;97.0;10.0;50.0;2029.0;97.0;7.0;50.0;12.0;
YOUPI:3;3;15.0;99.0;11.0;51.0;2074.0;99.0;8.0;51.0;15.0;
YES:3;3;1.5;9.9;1.1;5.1000000000000005;207.4;9.9;0.8;5.1000000000000005;1.5;
465:3;3;15.0;51.0;8.0;99.0;2074.0;51.0;11.0;99.0;15.0;
ADD:4;4;3.0;2.0;1.0;0.0;1.0;4.0;2.0;0.0;1.0;1.0;3.0;0.0;0.0;0.0;0.0;0.0;
test:2;2;45.0;0.0;2.0;0.0;
YEAH2:3;3;12.0;97.0;10.0;50.0;29.0;97.0;7.0;50.0;12.0;
